//简谱扒谱：龙斯明
//来源：https://www.gangqinpu.com/jianpu/894328.htm
//Red_lnn修改以使程序可以使用

#180
(+2+7) +5 (+3+1) +5 (+4+2) +5 (+3+1) +5 (+2+7) +5 (+3+1) +5
(+1+6) +4 (+2+7) +4 (+1+3) +4 (+2+7) +4 (+6+1) +4 (+2+7) +4

(7+2+5) -3 -5 -7 2 5 (-51) -3 (4-5) -5 (31) 0
(64) 0 -4 -6 1 4 (146) -2 -6 1 4 6
(257) 0 (3+1) 0 (4+2) 0 +5 0 0 0 0

(1-1) -5 3 -5 5 -5 (13-3) -5 (24) -5 (35) -5
(46-4) 1 (57) 1 (6+1) 1 (35-3) 1 +1 5 3 1
(24-2) -6 2 (35) (24) -5 (13-1) -5 (24) -5 (35) -5

(12) -2 -5 1 2 5 (-72) 0 1 0 2 0

(-3-51) -5 (3-1) -5 (135-5-3) -5 (-513) -5 (24-5) -5 (351) -5
(46) -1 -6 1 (6+11) 1 (35-3) -1 (+1-5) 5 3 1
(36+1) -3 -6 7 (6-1) -2 (-75-3) -5 -3 -2 (-51) -1

(2-2-6) -3 -2 3 (2-2-6) -1 (-3-51-1) -5 (+13) 5 3 1

(64) -1 -4 -6 (461) 4 (46) 1 (57) 1 (6+1) 1

(35+1) -1 -3 -5 1 3 (15) 3 (5+3) +1 5 3
(-735) -3 -5 (5-7) (52) 3 (15) -1 4 -2 3 -3
(-614) -4 -2 -6 1 4 (-725) -2 -5 -7 2 5
(27) 5 (3+1) 5 (4+2) 5 (3+1) 5 (27) 5 2 -7

(-3-51) -1 (3-3) -1 (5-5) -3 (-73) -5 (24-3) -5 (135-3) -5
(46) -1 (57-6) 1 (6+14) 6 (-735) -1 (+1-5) 5 3 1
(36+1) -3 -6 7 (6-1-2) -2 (-75-3) -5 -3 -2 (-51) -1
(2-2-6) -3 -2 3 (2-2-6) -1 (-3-51-1) -5 (+13) 5 3 1

(+2+7) +5 (+3+1) +5 (+4+2) +5 (+3+1) +5 (+2+7) +5 (+3+1) +5
(+1+6) +4 (+2+7) +4 (+3+1) +4 (+2+7) +4 (+1+6) +4 (+2+7) +4 (+2+7)