//谱作者：指尖灬旋律丿
//原视频：BV19v411g78w
//Red_lnn修改以使程序可以使用

#150
(-3+1) 0 +5 0 (-4+5) 0 +4 +3 (-5+2) +1 +2 +3 (-6+1) 0 0 5
(-4+1) 0 0 +2 (-3+1) 0 0 0 (-2+1) +2 +3 +4 (-5+2) 0 0 0

(1+1) 5 (+3+5) 5 (-7+5) 5 (+2+4) +3 (-6+2) (3+1) (6+2) +3 (-55) 2 0 5
(-4+1) (15) 3 +2 (-3+1) 1 0 3 (-2+1) (-6+2) (2+3) +4 (-524+2) 0 (-5-72) 0

(-61) 3 (6+1) 0 (-57) 2 0 5
(-46) 1 (35) 4 (-35) 1 3 0
(-46) 1 (47) +1 (-35) -5 1 0
(-22) -4 -6 3 (-5-72) 0 0 0

(-61) 3 (6+1) 0 (-57) 2 0 5
(-46) 1 (35) 4 (-35) 1 3 0
(-21) (-42) (-63) 4 (-5-72) 0 0 0
1 (-114) -5 (13) 2 3 0 0 0 0

(1+1) 0 +5 0 (-7+5) 0 +4 +3 (-6+2) +1 +2 +3 (-5+1) 0 0 5
(-4+1) 0 0 +2 (-3+1) 0 0 0 (-2+1) +2 +3 +4 (-5+2) 0 0 0
(-1+1) -5 (3+5) 0 (-5-7+5) 0 (-52+4) +3 (-4+2) (1+1) (5+2) +3 (-3-5-7+1) 0 0 5
(-2+1) -6 2 +3 (-5-72+2) 0 0 0 +1 (-1+1) -5 2 4 0 (-1-513)
